>> negLogLiHo{:}

ans =

 -175.9809


ans =

 -214.9227


ans =

 -153.2354


ans =

 -159.5795


ans =

 -178.1163


ans =

 -136.3525


ans =

 -151.5804


ans =

 -212.7567


ans =

 -160.5498


ans =

 -169.6503


ans =

 -187.7375


ans =

 -175.9480


ans =

 -143.9114


ans =

 -146.8921


ans =

 -153.8498


ans =

 -176.1593
